T1 =34.000000 
T2 =36.000000 
T3 =78.000000 
T4 =99.000000 
El número de puntos es:20 
