T1 = 34.000000 
T2 = 23.000000 
T3 = 56.000000 
T4 = 78.000000 
El número de puntos es:2025 
T1:34.000000 	 T2:23.000000 	 T3:56.000000 	  T4:78.000000 	 n:2025 	