T1 =1.000000 
T2 =2.000000 
T3 =3.000000 
T4 =4.000000 
El número de puntos es:100 
